__ROW__ y=0.972
0.047  ITER
0.253  IW-W*||
0.608  J(W)
__ROW__ y=0.942
0.050  0
0.250  1.4142e+0
0.608  1.4000e+0
__ROW__ y=0.911
0.050  1
0.250  1.2758e+0
0.608  1.0759e+0
__ROW__ y=0.881
0.050  2
0.250  1.2758e+0
0.608  1.0759e+0
__ROW__ y=0.852
0.050  3
0.250  1.1736e+0
0.608  8.5955e-1
__ROW__ y=0.821
0.050  4
0.250  1.1736e+0
0.608  8.5955e-1
__ROW__ y=0.791
0.050  5
0.250  1.1736e+0
0.608  8.5955e-1
__ROW__ y=0.760
0.050  6
0.250  1.1736e+0
0.608  8.5955e-1
__ROW__ y=0.730
0.050  7
0.250  1.0613e+0
0.608  6.4435e-1
__ROW__ y=0.699
0.050  8
0.250  9.7253e-1
0.608  4.9160e-1
__ROW__ y=0.670
0.050  9
0.250  8.7008e-1
0.608  3.3391e-1
__ROW__ y=0.639
0.047  10
0.250  7.9049e-1
0.608  2.2479e-1
__ROW__ y=0.608
0.047  11
0.250  7.9049e-1
0.608  2.2479e-1
__ROW__ y=0.578
0.047  12
0.250  7.1398e-1
0.608  1.3141e-1
__ROW__ y=0.547
0.047  13
0.250  7.1398e-1
0.608  1.3141e-1
__ROW__ y=0.517
0.047  14
0.250  6.6137e-1
0.608  7.3595e-2
__ROW__ y=0.488
0.047  15
0.250  6.6137e-1
0.608  7.3595e-2
__ROW__ y=0.457
0.047  16
0.250  6.0964e-1
0.608  2.1811e-2
__ROW__ y=0.427
0.047  17
0.250  5.5345e-1
0.608  -2.8089e-2
__ROW__ y=0.396
0.047  18
0.250  5.5345e-1
0.608  -2.8089e-2
__ROW__ y=0.366
0.047  19
0.250  5.5345e-1
0.608  -2.8089e-2
__ROW__ y=0.335
0.047  20
0.250  5.1627e-1
0.608  -5.7283e-2
__ROW__ y=0.305
0.047  21
0.250  4.6784e-1
0.608  -9.2146e-2
__ROW__ y=0.275
0.047  22
0.253  4.3254e-1
0.608  -1.1598e-1
__ROW__ y=0.245
0.047  23
0.250  4.3254e-1
0.608  -1.1598e-1
__ROW__ y=0.214
0.047  24
0.250  4.3254e-1
0.608  -1.1598e-1
__ROW__ y=0.184
0.047  25
0.253  4.3254e-1
0.608  -1.1598e-1
__ROW__ y=0.153
0.047  26
0.250  4.3254e-1
0.608  -1.1598e-1
__ROW__ y=0.123
0.047  27
0.250  4.0264e-1
0.608  -1.3354e-1
__ROW__ y=0.092
0.047  28
0.250  4.0264e-1
0.608  -1.3354e-1
__ROW__ y=0.063
0.047  29
0.253  4.0264e-1
0.608  -1.3354e-1
__ROW__ y=0.033
0.047  30
0.250  4.0264e-1
0.608  -1.3354e-1
