__ROW__ y=0.949
0.045  ITER
0.255  IIW-W*||
0.624  J(W)
__ROW__ y=0.895
0.255  1.4142e+0
0.624  1.5000e+0
__ROW__ y=0.845
0.045  1
0.255  1.1925e+0
0.621  1.0667e+0
__ROW__ y=0.794
0.047  2
0.252  2.9864e-1
0.624  6.7199e-2
__ROW__ y=0.742
0.047  3
0.255  3.6502e-2
0.621  1.1770e-3
__ROW__ y=0.688
0.045  4
0.255  1.3817e-1
0.624  2.0692e-2
__ROW__ y=0.637
0.047  5
0.255  1.1954e-1
0.624  1.7799e-2
__ROW__ y=0.584
0.045  6
0.255  6.5108e-2
0.624  3.7911e-3
__ROW__ y=0.532
0.045  7
0.255  4.4710e-2
0.621  1.9297e-3
__ROW__ y=0.481
0.047  8
0.255  1.4514e-2
0.624  2.3839e-4
__ROW__ y=0.429
0.047  9
0.255  2.9908e-3
0.621  1.0142e-5
__ROW__ y=0.376
0.045  10
0.255  6.4737e-4
0.624  4.8981e-7
__ROW__ y=0.323
0.045  11
0.255  4.6638e-4
0.621  2.5643e-7
__ROW__ y=0.271
0.045  12
0.255  5.7492e-4
0.624  3.4537e-7
__ROW__ y=0.219
0.045  13
0.255  6.0513e-4
0.623  3.7105e-7
__ROW__ y=0.167
0.045  14
0.255  6.1389e-4
0.624  3.7932e-7
__ROW__ y=0.115
0.045  15
0.255  6.1588e-4
0.623  3.8110e-7
__ROW__ y=0.063
0.045  16
0.255  6.1644e-4
0.624  3.8162e-7
