__ROW__ y=0.968
0.041  ITER
0.253  II W- W*||
0.619  J (W)
__ROW__ y=0.939
0.044  0
0.253  1.4142e+0
0.622  1.5000e+0
__ROW__ y=0.908
0.044  1
0.253  1.2573e+0
0.619  1.1857e+0
__ROW__ y=0.878
0.044  2
0.253  1.1244e+0
0.622  9.4829e-1
__ROW__ y=0.847
0.044  3
0.253  1.0125e+0
0.622  7.6884e-1
__ROW__ y=0.815
0.253  9.0888e-1
0.622  6.1994e-1
__ROW__ y=0.788
0.044  5
0.253  7.9719e-1
0.622  4.7697e-1
__ROW__ y=0.757
0.044  6
0.253  7.2330e-1
0.619  3.9248e-1
__ROW__ y=0.727
0.044  7
0.253  6.4246e-1
0.622  3.0980e-1
__ROW__ y=0.696
0.044  8
0.253  5.7882e-1
0.622  2.5146e-1
__ROW__ y=0.666
0.044  9
0.253  4.9223e-1
0.619  1.8178e-1
__ROW__ y=0.634
0.042  10
0.253  4.3017e-1
0.619  1.3895e-1
__ROW__ y=0.605
0.042  11
0.253  3.7902e-1
0.619  1.0783e-1
__ROW__ y=0.575
0.042  12
0.253  3.3589e-1
0.622  8. 4666e-2
__ROW__ y=0.544
0.042  13
0.253  3.0307e-1
0.622  6.8914e-2
__ROW__ y=0.514
0.042  14
0.252  2.7238e-1
0.622  5.5798e-2
__ROW__ y=0.483
0.042  15
0.253  2.3455e-1
0.622  4.1397e-2
__ROW__ y=0.453
0.042  16
0.250  2.0858e-1
0.622  3.2954е-2
__ROW__ y=0.422
0.042  17
0.253  1.8380e-1
0.622  2.5380e-2
__ROW__ y=0.393
0.042  18
0.253  1.5958e-1
0.619  1.9101e-2
__ROW__ y=0.363
0.042  19
0.253  1.4076e-1
0.619  1.4887e-2
__ROW__ y=0.332
0.042  20
0.250  1.1881e-1
0.619  1.0603e-2
__ROW__ y=0.302
0.042  21
0.253  9.3580e-2
0.622  6.6343e-3
__ROW__ y=0.271
0.042  22
0.253  7.6246e-2
0.622  4.4345е-3
__ROW__ y=0.241
0.042  23
0.253  5.9908e-2
0.619  2.7887e-3
__ROW__ y=0.210
0.042  24
0.253  4.5124e-2
0.619  1.6221e-3
__ROW__ y=0.181
0.042  25
0.253  3.1758e-2
0.622  8.2117e-4
__ROW__ y=0.150
0.042  26
0.253  1.9901e-2
0.622  3.4164e-4
__ROW__ y=0.120
0.042  27
0.253  1.0200e-2
0.619  1.0861e-4
__ROW__ y=0.089
0.042  28
0.253  7.2958e-3
0.622  6.0773e-5
__ROW__ y=0.059
0.042  29
0.253  1.3420e-2
0.619  1.4924e-4
__ROW__ y=0.028
0.042  30
0.253  2.0877e-2
0.622  3.3644e-4
