__ROW__ y=0.934
0.045  ITER
0.242  IIW -W*||
0.618  J(W)
__ROW__ y=0.865
0.047  0
0.242  1.4142e+0
0.618  1.0100e+2
__ROW__ y=0.794
0.047  1
0.242  9.9721e-1
0.618  2.8500e+0
__ROW__ y=0.723
0.047  2
0.242  9.8012e-1
0.618  1.3911e+0
__ROW__ y=0.653
0.047  3
0.242  9.7212e-1
0.618  1.6854e+0
__ROW__ y=0.582
0.047  4
0.242  9.5909e-1
0.618  9.3718e-1
__ROW__ y=0.511
0.047  5
0.242  9.5065e-1
0.618  2.3525e+0
__ROW__ y=0.441
0.047  6
0.242  9.3418e-1
0.618  9.7960e-1
__ROW__ y=0.370
0.047  7
0.242  9.1599e-1
0.618  1.1971e+0
__ROW__ y=0.299
0.047  8
0.242  8.9981e-1
0.618  9.5364e-1
__ROW__ y=0.228
0.047  9
0.242  8.9001e-1
0.616  7.9212e-1
__ROW__ y=0.156
0.045  10
0.242  8.8062e-1
0.618  7.7550e-1
__ROW__ y=0.085
0.045  11
0.242  1.1324e-14
0.618  1.2824e-26
