__ROW__ y=0.973
0.047  ITER
0.256  IIW -W*|l
0.623  J(W)
__ROW__ y=0.942
0.256  1.4142e+0
0.625  1.0100e+2
__ROW__ y=0.913
0.050  1
0.256  1.2807e+0
0.625  8.3451e+1
__ROW__ y=0.882
0.050  2
0.256  1.1526e+0
0.625  6.9922e+1
__ROW__ y=0.852
0.050  3
0.256  1.1526e+0
0.625  6.9922e+1
__ROW__ y=0.821
0.050  4
0.256  1.0395e+0
0.625  5.8190e+1
__ROW__ y=0.791
0.050  5
0.256  9.3153e-1
0.625  4.6574e+1
__ROW__ y=0.760
0.050  6
0.256  9.3153e-1
0.625  4.6574e+1
__ROW__ y=0.730
0.050  7
0.256  9.3153e-1
0.625  4.6574e+1
__ROW__ y=0.698
0.047  8
0.256  8.5161e-1
0.622  3.9226e+1
__ROW__ y=0.669
0.050  9
0.256  8.5161e-1
0.625  3.9226e+1
__ROW__ y=0.637
0.047  10
0.256  8.5161e-1
0.625  3.9226e+1
__ROW__ y=0.607
0.047  11
0.256  7.7216e-1
0.625  3.2285e+1
__ROW__ y=0.576
0.047  12
0.256  7.7216e-1
0.625  3.2285e+1
__ROW__ y=0.546
0.047  13
0.256  6.9289e-1
0.622  2.5764e+1
__ROW__ y=0.515
0.047  14
0.256  6.9289e-1
0.625  2.5764e+1
__ROW__ y=0.485
0.047  15
0.256  6.9289e-1
0.625  2.5764e+1
__ROW__ y=0.454
0.047  16
0.256  6.2258e-1
0.625  2.0931e+1
__ROW__ y=0.424
0.047  17
0.256  5.5683e-1
0.625  1.7078e+1
__ROW__ y=0.393
0.047  18
0.256  4.9795e-1
0.625  1.4159e+1
__ROW__ y=0.363
0.047  19
0.256  4.5157e-1
0.625  1.1074e+1
__ROW__ y=0.332
0.047  20
0.256  4.0302e-1
0.625  8.8636e+0
__ROW__ y=0.302
0.047  21
0.256  3.6487e-1
0.622  7.7597e+0
__ROW__ y=0.271
0.047  22
0.256  3.2788e-1
0.625  6.3754e+0
__ROW__ y=0.241
0.047  23
0.256  3.0656e-1
0.625  5.2878e+0
__ROW__ y=0.210
0.047  24
0.256  3.0656e-1
0.625  5.2878e+0
__ROW__ y=0.180
0.047  25
0.256  2.6912e-1
0.625  3.8954e+0
__ROW__ y=0.149
0.047  26
0.256  2.6912e-1
0.622  3.8954e+0
__ROW__ y=0.119
0.047  27
0.256  2.6912e-1
0.625  3.8954e+0
__ROW__ y=0.088
0.047  28
0.256  2.2653e-1
0.625  2.6232e+0
__ROW__ y=0.057
0.047  29
0.256  2.0761e-1
0.625  2.2788e+0
__ROW__ y=0.027
0.047  30
0.256  2.0761e-1
0.625  2.2788e+0
