__ROW__ y=0.969
0.039  ITER
0.244  IIW-W*||
0.600  J(W)
__ROW__ y=0.938
0.242  1.4142e+0
0.600  1.4000e+0
__ROW__ y=0.910
0.044  1
0.242  1.2728e+0
0.600  1.0690e+0
__ROW__ y=0.879
0.044  2
0.241  6.0818e-1
0.600  2.2035e-2
__ROW__ y=0.849
0.044  3
0.242  2.8871e-1
0.600  -1.8453e-1
__ROW__ y=0.818
0.044  4
0.241  1.9282e-1
0.600  -2.0553e-1
__ROW__ y=0.787
0.241  1.7966e-1
0.600  -2.0426e-1
__ROW__ y=0.758
0.042  6
0.241  1.7838e-1
0.600  -2.0353e-1
__ROW__ y=0.728
0.044  7
0.242  1.7821e-1
0.600  -2.0344e-1
__ROW__ y=0.698
0.042  8
0.241  1.7821e-1
0.600  -2.0343e-1
__ROW__ y=0.667
0.042  9
0.241  1.7821e-1
0.600  -2.0343e-1
__ROW__ y=0.637
0.039  10
0.242  1.7821e-1
0.600  -2.0343e-1
__ROW__ y=0.605
0.039  11
0.242  1.7821e-1
0.600  -2.0343e-1
__ROW__ y=0.576
0.039  12
0.241  1.7821e-1
0.600  -2.0343e-1
__ROW__ y=0.546
0.039  13
0.241  1.7821e-1
0.600  -2.0343e-1
__ROW__ y=0.515
0.039  14
0.241  1.7821e-1
0.600  -2.0343e-1
__ROW__ y=0.485
0.039  15
0.241  1.7821e-1
0.600  -2.0343e-1
__ROW__ y=0.454
0.039  16
0.241  1.7821e-1
0.600  -2.0343e-1
__ROW__ y=0.424
0.039  17
0.242  1.7821e-1
0.600  -2.0343e-1
__ROW__ y=0.393
0.039  18
0.241  1.7821e-1
0.600  -2.0343e-1
__ROW__ y=0.363
0.039  19
0.241  1.7821e-1
0.600  -2.0343e-1
__ROW__ y=0.334
0.042  20
0.241  1.7821e-1
0.600  -2.0343e-1
__ROW__ y=0.303
0.042  21
0.242  1.7821e-1
0.600  -2.0343e-1
__ROW__ y=0.273
0.042  22
0.241  1.7821e-1
0.600  -2.0343e-1
__ROW__ y=0.242
0.042  23
0.242  1.7821e-1
0.600  -2.0343e-1
__ROW__ y=0.212
0.042  24
0.241  1.7821e-1
0.600  -2.0343e-1
__ROW__ y=0.182
0.042  25
0.241  1.7821e-1
0.600  -2.0343e-1
__ROW__ y=0.152
0.039  26
0.242  1.7821e-1
0.600  -2.0343e-1
__ROW__ y=0.121
0.042  27
0.241  1.7821e-1
0.600  -2.0343e-1
__ROW__ y=0.091
0.042  28
0.241  1.7821e-1
0.600  -2.0343e-1
__ROW__ y=0.060
0.042  29
0.241  1.7821e-1
0.600  -2.0343e-1
__ROW__ y=0.031
0.042  30
0.241  1.7821e-1
0.600  -2.0343e-1
