__ROW__ y=0.972
0.044  ITER
0.247  IIW - W*||
0.606  J(W)
__ROW__ y=0.941
0.247  1.4142e+0
0.602  1.4000e+0
__ROW__ y=0.913
0.047  1
0.247  1.2683e+0
0.606  1.0595e+0
__ROW__ y=0.882
0.047  2
0.247  1.1466e+0
0.606  8.0544e-1
__ROW__ y=0.850
0.247  1.0501e+0
0.605  6.2425e-1
__ROW__ y=0.821
0.050  4
0.247  9.5532e-1
0.606  4.6470e-1
__ROW__ y=0.790
0.247  8.4970e-1
0.606  3.0582e-1
__ROW__ y=0.759
0.247  7.7334e-1
0.605  2.0233e-1
__ROW__ y=0.731
0.050  7
0.247  6.9434e-1
0.603  1.0868e-1
__ROW__ y=0.701
0.047  8
0.247  6.3606e-1
0.606  4.7424e-2
__ROW__ y=0.669
0.044  9
0.247  5.6016e-1
0.605  -2.2640e-2
__ROW__ y=0.639
0.044  10
0.247  5.0464e-1
0.605  -6.7290e-2
__ROW__ y=0.608
0.044  11
0.247  4.5898e-1
0.605  -9.9312e-2
__ROW__ y=0.578
0.044  12
0.247  4.2560e-1
0.605  -1.2017e-1
__ROW__ y=0.549
0.044  13
0.247  3.9782e-1
0.605  -1.3601e-1
__ROW__ y=0.518
0.044  14
0.247  3.5221e-1
0.605  -1.5902e-1
__ROW__ y=0.488
0.044  15
0.247  3.1656e-1
0.605  -1.7381e-1
__ROW__ y=0.457
0.044  16
0.247  2.8037e-1
0.605  -1.8668e-1
__ROW__ y=0.427
0.044  17
0.247  2.5757e-1
0.606  -1.9287e-1
__ROW__ y=0.396
0.044  18
0.247  2.3404e-1
0.606  -1.9888e-1
__ROW__ y=0.366
0.044  19
0.247  2.1740e-1
0.606  -2.0262e-1
__ROW__ y=0.336
0.044  20
0.247  2.0263e-1
0.606  -2.0541e-1
__ROW__ y=0.306
0.044  21
0.247  1.8691e-1
0.605  -2.0797e-1
__ROW__ y=0.275
0.044  22
0.247  1.7550e-1
0.605  -2.0949e-1
__ROW__ y=0.245
0.044  23
0.247  1.6345e-1
0.605  -2.1083e-1
__ROW__ y=0.214
0.044  24
0.247  1.5147e-1
0.605  -2.1181e-1
__ROW__ y=0.184
0.044  25
0.247  1.4067e-1
0.605  -2.1245e-1
__ROW__ y=0.155
0.044  26
0.247  1.3109e-1
0.605  -2.1282e-1
__ROW__ y=0.124
0.044  27
0.247  1.2247e-1
0.606  -2.1300e-1
__ROW__ y=0.094
0.044  28
0.247  1.1474e-1
0.605  -2.1303e-1
__ROW__ y=0.063
0.044  29
0.247  1.0786e-1
0.606  -2.1295e-1
__ROW__ y=0.033
0.047  30
0.247  1.0167e-1
0.605  -2.1279e-1
