__ROW__ y=0.975
0.053  ITER
0.258  IIW-W*||
0.614  J(W)
__ROW__ y=0.945
0.056  0
0.255  1.4142e+0
0.614  1.4000e+0
__ROW__ y=0.914
0.056  1
0.255  1.1516e+0
0.614  8.1617e-1
__ROW__ y=0.884
0.056  2
0.255  9.5519e-1
0.614  4.6382e-1
__ROW__ y=0.855
0.056  3
0.255  7.8850e-1
0.614  2.2268e-1
__ROW__ y=0.824
0.056  4
0.255  6.7471e-1
0.614  8.7019e-2
__ROW__ y=0.794
0.056  5
0.255  5.5214e-1
0.614  -3.0871e-2
__ROW__ y=0.762
0.255  4.3385e-1
0.614  -1.1647e-1
__ROW__ y=0.733
0.056  7
0.255  3.8792e-1
0.611  -1.4211e-1
__ROW__ y=0.702
0.056  8
0.256  3.5366e-1
0.614  -1.5900e-1
__ROW__ y=0.671
0.255  3.0927e-1
0.611  -1.7736e-1
__ROW__ y=0.641
0.053  10
0.255  2.5516e-1
0.614  -1.9466e-1
__ROW__ y=0.611
0.053  11
0.255  2.3129e-1
0.614  -2.0034e-1
__ROW__ y=0.581
0.053  12
0.255  2.1401e-1
0.614  -2.0385e-1
__ROW__ y=0.550
0.053  13
0.255  2.0084e-1
0.614  -2.0606e-1
__ROW__ y=0.520
0.053  14
0.255  1.8252e-1
0.614  -2.0886e-1
__ROW__ y=0.489
0.053  15
0.255  1.6601e-1
0.614  -2.1063e-1
__ROW__ y=0.460
0.053  16
0.255  1.6395e-1
0.614  -2.1073e-1
__ROW__ y=0.430
0.053  17
0.256  1.5471e-1
0.614  -2.1154e-1
__ROW__ y=0.399
0.053  18
0.256  1.4730e-1
0.614  -2.1207e-1
__ROW__ y=0.368
0.053  19
0.255  1.4134e-1
0.614  -2.1241e-1
__ROW__ y=0.338
0.053  20
0.255  1.3654e-1
0.614  -2.1263e-1
__ROW__ y=0.307
0.053  21
0.255  1.3268e-1
0.614  -2.1277e-1
__ROW__ y=0.277
0.053  22
0.256  1.2957e-1
0.614  -2.1286e-1
__ROW__ y=0.248
0.053  23
0.256  1.2707e-1
0.614  -2.1292e-1
__ROW__ y=0.217
0.053  24
0.256  1.2505e-1
0.614  -2.1296e-1
__ROW__ y=0.187
0.053  25
0.255  1.2342e-1
0.614  -2.1299e-1
__ROW__ y=0.156
0.053  26
0.256  1.2211e-1
0.614  -2.1300e-1
__ROW__ y=0.126
0.053  27
0.256  1.2105e-1
0.614  -2.1301e-1
__ROW__ y=0.095
0.053  28
0.255  1.2020e-1
0.614  -2.1302e-1
__ROW__ y=0.065
0.053  29
0.255  1.1951e-1
0.614  -2.1302e-1
__ROW__ y=0.035
0.053  30
0.255  1.1895e-1
0.614  -2.1303e-1
