__ROW__ y=0.969
0.042  ITER
0.253  II W- W*||
0.622  J(W)
__ROW__ y=0.940
0.044  0
0.253  1.4142e+0
0.619  1.5000e+0
__ROW__ y=0.910
0.044  1
0.253  1.1925e+0
0.622  1.0667e+0
__ROW__ y=0.879
0.044  2
0.253  1.0131e+0
0.622  7.6987e-1
__ROW__ y=0.849
0.044  3
0.253  8.5375e-1
0.622  5.4671e-1
__ROW__ y=0.818
0.044  4
0.253  7.4106e-1
0.622  4.1215e-1
__ROW__ y=0.789
0.044  5
0.253  6.1967e-1
0.619  2.8943e-1
__ROW__ y=0.759
0.044  6
0.253  5.0270e-1
0.619  1.9115e-1
__ROW__ y=0.728
0.044  7
0.253  4.3324e-1
0.619  1.4128e-1
__ROW__ y=0.698
0.044  8
0.252  3.8973e-1
0.622  1.1546e-1
__ROW__ y=0.667
0.044  9
0.253  3.1558e-1
0.622  7.5641e-2
__ROW__ y=0.637
0.042  10
0.250  2.5451e-1
0.622  5.0712e-2
__ROW__ y=0.605
0.042  11
0.250  2.1774e-1
0.622  3.9134e-2
__ROW__ y=0.576
0.042  12
0.253  1.9163e-1
0.622  3.0179e-2
__ROW__ y=0.546
0.042  13
0.253  1.5804e-1
0.622  2.1002e-2
__ROW__ y=0.515
0.042  14
0.253  1.2980e-1
0.619  1.3573e-2
__ROW__ y=0.485
0.042  15
0.252  1.1956e-1
0.622  1.2250e-2
__ROW__ y=0.454
0.042  16
0.253  1.0807e-1
0.619  1.0289e-2
__ROW__ y=0.424
0.042  17
0.253  9.1075e-2
0.622  7.2468e-3
__ROW__ y=0.394
0.042  18
0.253  6.9281e-2
0.622  3.8775e-3
__ROW__ y=0.363
0.042  19
0.253  5.8837e-2
0.622  2.8045e-3
__ROW__ y=0.334
0.042  20
0.253  5.1543e-2
0.622  2.2223e-3
__ROW__ y=0.303
0.042  21
0.253  4.2974e-2
0.619  1.5132e-3
__ROW__ y=0.273
0.042  22
0.253  3.5601e-2
0.622  1.0315e-3
__ROW__ y=0.242
0.042  23
0.253  2.9857e-2
0.622  7.1303e-4
__ROW__ y=0.212
0.042  24
0.253  2.5128e-2
0.622  4.9780e-4
__ROW__ y=0.182
0.042  25
0.253  2.1212e-2
0.622  3.5054e-4
__ROW__ y=0.152
0.042  26
0.253  1.7954e-2
0.619  2.4871e-4
__ROW__ y=0.121
0.042  27
0.253  1.5232e-2
0.622  1.7762e-4
__ROW__ y=0.091
0.042  28
0.253  1.2950e-2
0.619  1.2759e-4
__ROW__ y=0.060
0.042  29
0.253  1.1032e-2
0.619  9.2148e-5
__ROW__ y=0.030
0.042  30
0.253  9.4161e-3
0.619  6.6883e-5
