__ROW__ y=0.966
0.042  ITER
0.253  ||W - W*|||
0.619  J(W)
__ROW__ y=0.936
0.044  0
0.253  1.4142e+0
0.619  1.5000e+0
__ROW__ y=0.907
0.044  1
0.253  1.2661e+0
0.619  1.2023e+0
__ROW__ y=0.876
0.044  2
0.253  1.2661e+0
0.619  1.2023e+0
__ROW__ y=0.846
0.044  3
0.253  1.1493e+0
0.619  9.9064e-1
__ROW__ y=0.815
0.044  4
0.253  1.1493e+0
0.622  9.9064e-1
__ROW__ y=0.785
0.044  5
0.253  1.1493e+0
0.622  9.9064e-1
__ROW__ y=0.754
0.044  6
0.253  1.1493e+0
0.622  9.9064e-1
__ROW__ y=0.724
0.044  7
0.253  1.0340e+0
0.622  8.0191e-1
__ROW__ y=0.694
0.044  8
0.253  9.3915e-1
0.622  6.6150e-1
__ROW__ y=0.664
0.044  9
0.253  8.2530e-1
0.622  5.1084e-1
__ROW__ y=0.633
0.042  10
0.253  7.3866e-1
0.622  4.0922e-1
__ROW__ y=0.602
0.042  11
0.253  7.3866e-1
0.622  4.0922e-1
__ROW__ y=0.572
0.042  12
0.253  6.5807e-1
0.622  3.2481e-1
__ROW__ y=0.542
0.042  13
0.252  6.5807e-1
0.622  3.2481e-1
__ROW__ y=0.512
0.042  14
0.253  5.9670e-1
0.619  2.6707e-1
__ROW__ y=0.482
0.042  15
0.253  5.9670e-1
0.622  2.6707e-1
__ROW__ y=0.451
0.042  16
0.253  5.3249e-1
0.622  2.1271e-1
__ROW__ y=0.421
0.042  17
0.253  4.7713e-1
0.622  1.7074e-1
__ROW__ y=0.390
0.042  18
0.252  4.7713e-1
0.619  1.7074e-1
__ROW__ y=0.360
0.042  19
0.253  4.2913e-1
0.619  1.3812e-1
__ROW__ y=0.329
0.042  20
0.253  3.8109e-1
0.619  1.0895e-1
__ROW__ y=0.299
0.042  21
0.253  3.8109e-1
0.619  1.0895e-1
__ROW__ y=0.270
0.042  22
0.253  3.5167e-1
0.619  9.2758e-2
__ROW__ y=0.239
0.042  23
0.253  3.5167e-1
0.622  9.2758e-2
__ROW__ y=0.209
0.042  24
0.253  3.5167e-1
0.622  9.2758e-2
__ROW__ y=0.178
0.042  25
0.253  3.5167e-1
0.622  9.2758e-2
__ROW__ y=0.148
0.042  26
0.253  3.5167e-1
0.622  9.2758e-2
__ROW__ y=0.117
0.042  27
0.253  3.5167e-1
0.619  9.2758e-2
__ROW__ y=0.088
0.042  28
0.253  3.5167e-1
0.622  9.2758e-2
__ROW__ y=0.057
0.042  29
0.253  3.5167e-1
0.619  9.2758e-2
__ROW__ y=0.027
0.042  30
0.253  3.5167e-1
0.622  9.2758e-2
