__ROW__ y=0.969
0.042  ITER
0.252  |IW - W*||
0.622  J(W)
__ROW__ y=0.939
0.044  0
0.253  1.4142e+0
0.619  1.5000e+0
__ROW__ y=0.908
0.044  1
0.253  1.2728e+0
0.619  1.2150e+0
__ROW__ y=0.879
0.044  2
0.253  6.0546e-1
0.622  2.7495e-1
__ROW__ y=0.849
0.044  3
0.250  2.5920e-1
0.622  5.2088e-2
__ROW__ y=0.818
0.044  4
0.253  1.3634e-1
0.619  1.8261e-2
__ROW__ y=0.788
0.044  5
0.253  1.1460e-1
0.622  1.5223e-2
__ROW__ y=0.757
0.044  6
0.252  1.1270e-1
0.619  1.5186e-2
__ROW__ y=0.727
0.044  7
0.253  1.1240e-1
0.622  1.5165e-2
__ROW__ y=0.697
0.044  8
0.253  1.1246e-1
0.619  1.5185e-2
__ROW__ y=0.667
0.044  9
0.253  1.1240e-1
0.619  1.5169e-2
__ROW__ y=0.636
0.042  10
0.253  1.1245e-1
0.622  1.5182e-2
__ROW__ y=0.605
0.042  11
0.253  1.1242e-1
0.619  1.5172e-2
__ROW__ y=0.575
0.042  12
0.253  1.1244e-1
0.622  1.5180e-2
__ROW__ y=0.544
0.042  13
0.253  1.1242e-1
0.619  1.5173e-2
__ROW__ y=0.515
0.042  14
0.253  1.1243e-1
0.619  1.5176e-2
__ROW__ y=0.485
0.042  15
0.253  1.1243e-1
0.619  1.5176e-2
__ROW__ y=0.454
0.042  16
0.250  1.1243e-1
0.619  1.5176e-2
__ROW__ y=0.424
0.042  17
0.253  1.1243e-1
0.622  1.5176e-2
__ROW__ y=0.393
0.042  18
0.253  1.1243e-1
0.619  1.5176e-2
__ROW__ y=0.363
0.042  19
0.253  1.1243e-1
0.619  1.5176e-2
__ROW__ y=0.332
0.042  20
0.253  1.1243e-1
0.619  1.5176e-2
__ROW__ y=0.302
0.042  21
0.253  1.1243e-1
0.619  1.5176e-2
__ROW__ y=0.273
0.042  22
0.253  1.1243e-1
0.619  1.5176e-2
__ROW__ y=0.242
0.042  23
0.253  1.1243e-1
0.619  1.5176e-2
__ROW__ y=0.211
0.042  24
0.253  1.1243e-1
0.622  1.5176e-2
__ROW__ y=0.181
0.042  25
0.253  1.1243e-1
0.619  1.5176e-2
__ROW__ y=0.150
0.042  26
0.250  1.1243e-1
0.619  1.5176e-2
__ROW__ y=0.120
0.042  27
0.253  1.1243e-1
0.619  1.5176e-2
__ROW__ y=0.090
0.042  28
0.253  1.1243e-1
0.619  1.5176e-2
__ROW__ y=0.060
0.042  29
0.253  1.1243e-1
0.619  1.5176e-2
__ROW__ y=0.030
0.042  30
0.253  1.1243e-1
0.619  1.5176e-2
