__ROW__ y=0.974
0.047  ITER
0.256  IIW -W*|l
0.625  J(W)
__ROW__ y=0.945
0.050  0
0.256  1.4142e+0
0.625  1.0100e+2
__ROW__ y=0.914
0.050  1
0.256  9.9721e-1
0.625  2.8500e+0
__ROW__ y=0.883
0.047  2
0.256  9.8193e-1
0.625  2.1612e+0
__ROW__ y=0.853
0.050  3
0.256  9.7324e-1
0.625  2.7673e+0
__ROW__ y=0.823
0.052  4
0.256  9.5355e-1
0.625  1.1610e+0
__ROW__ y=0.792
0.050  5
0.256  9.4387e-1
0.625  1.5938e+0
__ROW__ y=0.762
0.050  6
0.256  9.2830e-1
0.625  8.8757e-1
__ROW__ y=0.731
0.050  7
0.256  8.8226e-1
0.625  7.9632e-1
__ROW__ y=0.701
0.050  8
0.256  8.6034e-1
0.625  7.8053e-1
__ROW__ y=0.669
0.047  9
0.256  8.4937e-1
0.623  7.2395e-1
__ROW__ y=0.639
0.047  10
0.256  8.0714e-1
0.622  6.9182e-1
__ROW__ y=0.608
0.047  11
0.256  7.9682e-1
0.625  6.3744e-1
__ROW__ y=0.578
0.047  12
0.256  7.5723e-1
0.625  6.1374e-1
__ROW__ y=0.547
0.047  13
0.256  7.4751e-1
0.625  5.6130e-1
__ROW__ y=0.517
0.047  14
0.256  7.1041e-1
0.625  5.4503e-1
__ROW__ y=0.486
0.047  15
0.256  7.0126e-1
0.625  4.9429e-1
__ROW__ y=0.456
0.047  16
0.256  6.6649e-1
0.625  4.8456e-1
__ROW__ y=0.425
0.047  17
0.256  6.5788e-1
0.625  4.3532e-1
__ROW__ y=0.395
0.047  18
0.256  6.2529e-1
0.625  4.3133e-1
__ROW__ y=0.364
0.047  19
0.256  6.1717e-1
0.625  3.8342e-1
__ROW__ y=0.334
0.047  20
0.256  6.0177e-1
0.625  3.6780e-1
__ROW__ y=0.303
0.047  21
0.256  5.8679e-1
0.625  3.5709e-1
__ROW__ y=0.273
0.047  22
0.256  5.7227e-1
0.625  3.5621e-1
__ROW__ y=0.242
0.047  23
0.256  5.6488e-1
0.625  3.2088e-1
__ROW__ y=0.211
0.047  24
0.256  5.3689e-1
0.625  3.1697e-1
__ROW__ y=0.181
0.047  25
0.256  5.2993e-1
0.625  2.8262e-1
__ROW__ y=0.150
0.047  26
0.256  5.0370e-1
0.625  2.8244e-1
__ROW__ y=0.120
0.047  27
0.256  4.9714e-1
0.625  2.4894e-1
__ROW__ y=0.089
0.047  28
0.256  4.8474e-1
0.625  2.3901e-1
__ROW__ y=0.059
0.047  29
0.256  4.7267e-1
0.625  2.3251e-1
__ROW__ y=0.028
0.047  30
0.256  4.6668e-1
0.625  2.1836e-1
