__ROW__ y=0.971
0.044  ITER
0.253  IIW- W*||
0.622  J (W)
__ROW__ y=0.940
0.253  1.4142e+0
0.622  1.0100e+2
__ROW__ y=0.911
0.047  1
0.253  1.2042e+0
0.625  6.4824e+1
__ROW__ y=0.881
0.047  2
0.255  1.1425e+0
0.625  5.1185e+1
__ROW__ y=0.850
0.047  3
0.253  1.0900e+0
0.625  4.0308e+1
__ROW__ y=0.820
0.047  4
0.253  1.0454e+0
0.625  3.1642e+1
__ROW__ y=0.788
0.253  1.0077e+0
0.622  2.4753e+1
__ROW__ y=0.758
0.255  9.7585e-1
0.625  1.9290e+1
__ROW__ y=0.730
0.050  7
0.253  9.4902e-1
0.622  1.4971e+1
__ROW__ y=0.699
0.047  8
0.253  9.2640e-1
0.622  1.1568e+1
__ROW__ y=0.669
0.047  9
0.255  9.0727e-1
0.622  8.8973e+0
__ROW__ y=0.637
0.044  10
0.255  8.9104e-1
0.625  6.8115e+0
__ROW__ y=0.607
0.044  11
0.255  8.7720e-1
0.625  5.1918e+0
__ROW__ y=0.577
0.044  12
0.255  8.6530e-1
0.625  3.9430e+0
__ROW__ y=0.547
0.044  13
0.253  8.5497e-1
0.622  2.9884e+0
__ROW__ y=0.517
0.044  14
0.256  8.4591e-1
0.625  2.2668e+0
__ROW__ y=0.486
0.044  15
0.255  8.3785e-1
0.625  1.7289e+0
__ROW__ y=0.456
0.044  16
0.253  8.3059e-1
0.625  1.3357e+0
__ROW__ y=0.425
0.044  17
0.253  8.2394e-1
0.625  1.0557e+0
__ROW__ y=0.395
0.044  18
0.253  8.1776e-1
0.622  8.6407e-1
__ROW__ y=0.364
0.044  19
0.256  8.1192e-1
0.625  7.4105e-1
__ROW__ y=0.335
0.044  20
0.253  8.0632e-1
0.622  6.7099e-1
__ROW__ y=0.305
0.044  21
0.255  8.0086e-1
0.622  6.4160e-1
__ROW__ y=0.274
0.044  22
0.256  7.9544e-1
0.622  6.4324e-1
__ROW__ y=0.243
0.044  23
0.252  7.8999e-1
0.622  6.6844e-1
__ROW__ y=0.213
0.044  24
0.255  7.8441e-1
0.622  7.1144e-1
__ROW__ y=0.184
0.044  25
0.256  7.7860e-1
0.622  7.6793e-1
__ROW__ y=0.153
0.044  26
0.256  7.7240e-1
0.622  8.3474e-1
__ROW__ y=0.123
0.044  27
0.255  7.6565e-1
0.622  9.0965e-1
__ROW__ y=0.092
0.047  28
0.255  7.5804e-1
0.622  9.9125e-1
__ROW__ y=0.062
0.044  29
0.256  7.4913e-1
0.622  1.0788e+0
__ROW__ y=0.032
0.047  30
0.256  7.3805e-1
0.622  1.1719e+0
