__ROW__ y=0.972
0.047  ITER
0.256  IW-W*|I
0.625  J(W)
__ROW__ y=0.942
0.050  0
0.256  1.4142e+0
0.625  1.0100e+2
__ROW__ y=0.911
0.050  1
0.256  1.3506e+0
0.625  8.3623e+1
__ROW__ y=0.881
0.050  2
0.256  1.2993e+0
0.625  7.0262e+1
__ROW__ y=0.850
0.050  3
0.256  1.2413e+0
0.625  5.5741e+1
__ROW__ y=0.821
0.050  4
0.256  1.2035e+0
0.625  4.6718e+1
__ROW__ y=0.790
0.050  5
0.256  1.1638e+0
0.625  3.7523e+1
__ROW__ y=0.759
0.050  6
0.256  1.1300e+0
0.625  2.9984e+1
__ROW__ y=0.729
0.050  7
0.256  1.1031e+0
0.625  2.4181e+1
__ROW__ y=0.698
0.050  8
0.256  1.0869e+0
0.625  2.0828e+1
__ROW__ y=0.667
0.050  9
0.256  1.0653e+0
0.625  1.6394e+1
__ROW__ y=0.637
0.047  10
0.256  1.0466e+0
0.625  1.2646e+1
__ROW__ y=0.605
0.047  11
0.256  1.0363e+0
0.625  1.0701e+1
__ROW__ y=0.576
0.047  12
0.256  1.0264e+0
0.625  8.8674e+0
__ROW__ y=0.546
0.047  13
0.256  1.0192e+0
0.625  7.5802e+0
__ROW__ y=0.515
0.047  14
0.256  1.0119e+0
0.625  6.3015e+0
__ROW__ y=0.484
0.047  15
0.256  1.0059e+0
0.625  5.2698e+0
__ROW__ y=0.454
0.047  16
0.256  1.0007e+0
0.625  4.4121e+0
__ROW__ y=0.422
0.047  17
0.256  9.9489e-1
0.625  3.4723e+0
__ROW__ y=0.392
0.047  18
0.256  9.9248e-1
0.625  3.1961e+0
__ROW__ y=0.361
0.047  19
0.256  9.8932e-1
0.625  2.7511e+0
__ROW__ y=0.331
0.047  20
0.256  9.8703e-1
0.625  2.5077e+0
__ROW__ y=0.301
0.047  21
0.256  9.8468e-1
0.625  2.2355e+0
__ROW__ y=0.270
0.047  22
0.256  9.8245e-1
0.625  1.9951e+0
__ROW__ y=0.240
0.047  23
0.256  9.8032e-1
0.625  1.7739e+0
__ROW__ y=0.210
0.047  24
0.256  9.7874e-1
0.625  1.6622e+0
__ROW__ y=0.179
0.047  25
0.256  9.7684e-1
0.625  1.4901e+0
__ROW__ y=0.149
0.047  26
0.256  9.7511e-1
0.625  1.3495e+0
__ROW__ y=0.118
0.047  27
0.256  9.7353e-1
0.625  1.2389e+0
__ROW__ y=0.087
0.047  28
0.256  9.7221e-1
0.625  1.1878e+0
__ROW__ y=0.056
0.047  29
0.256  9.7081e-1
0.625  1.1220e+0
__ROW__ y=0.027
0.047  30
0.256  9.6954e-1
0.625  1.0833e+0
